21467
43093
37600
55648
21358
23667
10140
47591
7609
13010
52765
33955
13146
54430
24205
12707
28770
58620
36732
35
4257
18934
56901
45010
63621
35460
60309
1083
13200
45511
50932
34667
23068
22996
24780
44426
46663
34920
26481
54273
47930
13710
22692
61076
2605
46898
8247
31375
39982
44980
31410
44239
63914
22776
23713
61999
58236
18486
63083
5901
63997
48479
40568
21529
5940
65348
420
52603
34732
26901
41340
17126
40612
64033
12666
43217
45395
20914
9056
19841
358
40466
64081
64272
63242
22258
60736
55943
40745
58283
61844
39206
41226
36876
60736
47166
36689
61156
34234
5885
22521
10038
23012
63133
8535
35678
40814
53930
56592
49870
8236
56950
24801
6781
55687
22507
29039
50887
12914
4248
43634
9222
43455
19324
46099
38655
955
17252
34275
35189
23137
56796
45227
46149
54394
53763
16292
29672
42157
7348
14007
50393
64299
38808
57174
54450
61315
20678
39801
8694
24926
17899
17916
2845
37223
64015
41500
38178
15731
10239
7831
38869
1500
53059
19482
55894
41286
35774
20030
17907
43123
34037
2765
41886
7309
59939
30800
3089
15081
5065
11783
40008
22964
29699
42853
60187
28179
18818
32830
43910
29057
40661
17243
30557
28184
36726
20915
3934
6964
40946
21842
50087
9447
24607
26437
16757
19010
57237
19846
34092
62302
31629
8564
19730
61328
51417
14382
23971
4699
47212
2346
33757
22337
19589
64314
50522
56315
19694
54456
63280
60640
10762
47831
4551
35369
8733
21308
54380
434
41154
22936
62737
7247
31500
16931
3040
17381
31313
27011
22081
12989
29357
55838
35327
48947
54616
20313
39726
8774
9233
37470
3878
19996
19766
8430
55365
28499
29738
44209
28933
5357
1609
26134
12604
33109
43066
15644
50491
8843
42656
7036
21833
6477
62874
57160
55424
51954
11937
29615
60729
21170
1549
64607
41166
21315
7501
30996
49814
37240
9669
13212
42597
11279
39346
55201
44388
16876
5310
29343
25720
47966
36379
47553
54443
33717
39177
44332
20136
51114
8411
15329
6748
9960
14400
47915
31276
21902
13375
15554
59142
23044
28766
36203
34323
2577
25868
13176
19453
31178
42519
45173
13608
13363
27190
2516
47080
831
46848
1680
51945
55259
17009
58694
65219
31410
41073
30959
53312
54448
46514
46918
11956
9744
17585
46280
12321
43453
59456
31775
9096
36439
11412
22704
49802
38603
25220
31347
39434
6532
33027
25844
61791
50037
19002
61475
15911
60075
26898
3687
48987
7876
50605
60943
17621
2654
41687
29942
46107
35607
61717
55203
6511
7594
12372
56313
46197
37592
22124
20095
44125
55152
45939
40380
39653
64941
36319
55564
59480
63218
59251
42931
5558
44320
38339
23179
46974
14490
53122
27545
50098
49303
17213
56609
56897
29585
47386
37558
1641
3975
57654
45766
59127
38057
20611
33244
37463
56930
23272
31407
54612
16987
8803
60171
61307
47142
17814
42745
61632
5400
4754
46194
54704
21967
37267
46065
51552
19118
18088
53194
23093
10206
33424
16684
48263
54035
49928
20190
45430
7664
51598
34506
24651
60401
29141
20422
42007
46956
63167
38103
52356
2385
18762
41524
24353
56029
22054
10369
9611
40142
63563
32704
50348
31452
49388
33075
19951
33780
53266
65381
41444
39328
34352
559
34193
63493
20981
10664
44913
18612
48767
31734
20998
1993
7722
45351
58023
29776
55720
2098
4382
53748
34803
54730
19664
18655
22270
39615
52436
10000
39461
28344
49328
8277
28904
17985
6234
49885
28649
51148
2962
11880
17346
23960
13874
25068
3775
6361
54845
59495
8459
59227
47707
43262
48422
1835
61918
5156
41451
48818
15156
15376
11626
64484
23653
40530
16933
29887
24880
45582
15499
27842
57462
32845
51802
5800
57914
55577
12161
47223
49536
20621
40914
31708
63883
23800
33543
60265
28956
9458
43547
44112
24834
55174
43060
48487
30168
59993
12839
55048
40039
28338
17354
31966
61184
3620
37766
53562
59197
49928
35249
43198
5013
10627
9370
3360
34428
42913
63626
63384
52372
41637
41961
11670
31275
19485
60158
61444
13943
7461
50956
53982
35799
2775
20412
31447
6395
58179
19473
57
42571
54722
43255
47584
65350
52625
50944
34242
30002
49034
32090
16838
25136
8515
28509
56411
28001
23131
52319
41944
30592
37740
30390
855
40515
50803
32303
46910
43446
51776
46967
20481
40963
24686
2529
40777
11775
53473
9483
41778
36972
41573
58616
62108
50089
21589
52983
12554
44720
39767
54498
9776
11971
19352
10632
52486
4619
42935
33860
48065
29175
15292
3010
4602
39978
5539
45379
51754
59013
54862
27996
30449
30900
21076
27021
15453
42666
14468
28007
21850
54235
16969
31627
670
36321
42259
53156
40941
19658
21481
23470
48833
36773
26481
53436
11215
32020
33279
62969
25497
22606
25429
55946
53506
46506
17431
3423
23636
31900
31430
45486
20599
48399
11577
21270
19184
53836
8890
60125
7958
30371
18060
56792
1608
44541
44692
12824
11025
12435
10257
36523
35041
35687
26933
23011
16657
44365
26434
40293
10729
57864
20243
31328
40727
31821
52598
59912
20121
61489
54501
28080
26324
7025
19336
27933
51566
64028
40757
62592
10927
51014
33579
45969
21165
60512
3444
37822
39341
29879
12579
50070
22207
32823
15863
62935
64644
2925
57311
19229
64414
46276
47309
25203
53302
1109
53136
39332
65137
28357
36388
10529
13835
4431
56498
35001
64944
59942
7287
38749
24285
19867
23284
46493
52690
39147
43892
51798
42072
35667
5491
40951
16407
52801
618
4173
53910
53754
43506
53512
16575
14358
64041
30410
18790
55003
65411
18198
49409
7163
56947
8159
27030
14695
54652
14184
53842
33008
446
30379
3139
5937
5794
19546
58738
6412
23720
47113
60166
1690
35089
11205
16048
33594
41615
34838
23061
41491
53036
6934
48654
44448
15093
10148
59143
4209
24332
47450
37217
24778
12293
40356
30715
18087
59903
23918
24499
18087
5495
19129
19777
40584
30334
35825
8642
6413
5128
31703
47904
58164
38637
31022
37076
53731
41170
30684
57940
65502
12598
29622
24744
24891
4442
55460
42978
64345
13842
1941
16896
19337
21070
36673
59921
51404
6963
3027
57817
12091
34730
40186
4719
7831
5672
41796
61562
46843
6944
53967
46809
19542
18053
6018
44433
22495
61478
21875
21305
9784
23816
38201
29121
44886
9339
23506
30754
16302
26533
23035
28393
61263
63221
33112
